7 4 2 5 8 3 1 X 6

7 4 2 5 X 3 1 8 6
7 X 2 5 4 3 1 8 6
7 4 2 5 8 3 X 1 6
X 4 2 5 8 3 7 1 6
7 4 2 5 8 X 1 3 6
7 4 2 5 8 3 1 6 X
7 4 X 5 8 3 1 2 6
7 4 2 5 X 3 1 6 8
7 4 2 X 8 3 5 1 6
X 4 2 7 8 3 5 1 6
7 4 2 5 8 X 1 6 3
7 4 2 5 8 3 6 1 X
7 4 2 5 8 3 X 6 1
7 4 2 5 8 X 6 1 3
7 X 2 5 4 3 6 1 8
7 4 X 5 8 3 1 6 2
7 4 2 5 X 3 6 1 8
7 4 2 5 8 X 1 6 3
X 4 2 7 8 3 5 6 1
7 4 2 5 8 3 X 6 1
7 4 X 5 8 3 6 1 2
7 4 2 5 8 X 6 1 3
7 4 2 5 X 3 1 6 8
7 4 2 X 8 3 5 1 6
X 4 2 7 8 3 5 1 6
7 4 2 5 8 X 1 6 3
7 4 2 5 8 3 6 1 X
7 4 2 5 8 3 X 6 1
7 4 2 5 8 X 6 1 3
7 X 2 5 4 3 6 1 8
7 4 X 5 8 3 1 6 2
